7
37
113
117
120
149
173
174
182
183
194
202
222
234
235
257
278
386
464
863
904
911
939
998
1021
1025
1040
1119
1129
1171
1184
1256
1276
1303
1316
1394
1420
1446
1459
1469
1492
1518
1522
1562
1565
1629
1782
1812
1830
1833
1839
1854
1860
1907
1914
1922
1969
1997
2073
2083
2085
2133
2157
2167
2240
2277
2279
2290
2291
2292
2297
2329
2330
2338
2369
2380
2387
2428
2455
2468
2469
2479
2503
2508
2509
2513
2557
2602
2656
2706
2707
2708
2711
2719
2722
2752
2771
2774
2838
2861
2878
2889
2898
2929
2938
2991
2994
3013
3051
3056
3085
3174
3187
3195
3201
3204
3215
3222
3240
3273
3278
3287
3294
3307
3320
3332
3336
3349
3352
3358
3360
3395
3408
3411
3426
3437
3450
3471
3506
3509
3523
3524
3526
3563
3566
3567
3568
3585
3592
3597
3605
3613
3614
3621
3629
3632
3638
3642
3649
3650
3657
3658
3667
3669
3670
3679
3683
3684
3685
3688
3692
3701
3704
3713
3719
3722
3726
3729
3737
3738
3749
3762
3764
3765
3767
3769
3770
3772
3774
3776
3777
3781
3783
3784
3789
3793
3797
3798
3799
3801
3805
3808
3816
3818
3819
3821
3839
3844
3856
3860
3866
3870
3873
3879
3880
3881
3885
3886
3887
3888
3889
3890
3891
3892
3894
3901
3913
3914
3924
3935
3940
3941
3942
3947
3948
3953
3954
3959
3966
3967
3968
3973
3994
3997
3999
4002
4003
4006
4008
4009
4010
4013
4019
4023
4030
4032
4033
4036
4037
4046
4047
4055
4060
4067
4076
4086
4088
4090
4092
4093
4094
4096
4097
4098
4099
4101
4103
4104
4105
4116
4125
4130
4133
4141
4145
4149
4152
4153
4156
4157
4161
4162
4163
4166
4168
4170
4171
4173
4175
4177
4178
4179
4180
4186
4187
4189
4190
4191
4193
4197
4203
4206
4214
4215
4218
4221
4227
4232
4235
4236
4240
4241
4243
4244
4250
4251
4254
4262
4263
4276
4278
4279
4280
4281
4286
4290
4293
4294
4296
4297
4298
4302
4305
4307
4309
4310
4311
4312
4314
4319
4323
4324
4327
